x=2.36
y=3.26
((2*x+3*y)^2)/((y^1.6)/(x^1.4))*1.5+5*(3.5/(x+y)^2)-6.8